99963479
21907029
90316228
97189256
48749282
63331374
01028300
14793859
73764497
50634491
78379947
11849932
32728319
50323606
37988464
43326890
64249275
80209313
38334077
20745868
96007388
08870629
18446080
09712163
85731055
32934079
14603710
38029198
51919501
30193677
75835381
45384981
59461151
40053829
38420218
77095035
39777000
80325751
32388508
63162576
18554784
16798888
14007775
60095719
54602318
68870314
11306055
06481060
85420198
83370576
82685743
39130655
58837448
18888669
54843064
96652887
82213584
82013918
66579223
16645984
34586731
42564848
65301657
46808169
41335295
27040445
98919660
25951829
43289390
83249254
85022367
99472108
86828453
40781380
82129074
87071512
09951768
64266049
27019106
56576257
38096461
63371755
58312879
25357457
23932968
95627525
13725408
51322428
21270483
09922873
40839208
71191685
59537321
21865926
87352494
25363253
66693709
91056187
80893482
59637539
99077151
54003663
60142486
92612756
86478672
50615698
72617734
80997221
75505599
36472689
65218629
73491259
13047216
10103840
56433477
98503174
30423959
60496497
14082313
92032084
71522832
03861744
56564743
14578301
86964472
87097019
30788791
81758363
02247784
31803734
95142764
61253254
66250372
12797997
66547177
71682310
07413262
47460022
94590954
61843946
73624870
76629235
24882602
77246367
11483411
44965840
86930535
48589798
68398300
01005274
27735789
10562545
64250753
74530521
94685648
23794034
55786994
11169137
16509450
23973389
60365219
59589298
31887508
49600896
56818954
37321237
95437138
28682880
51933313
02154362
48858635
19520586
03138623
92606706
16740146
48931390
40194187
55667966
48812064
65506447
29749123
19545967
72762515
06932033
79362044
22240324
54191915
19941682
46873977
21161152
14605679
33029310
60879126
54106767
09916712
04087443
78861007
49776483
56602740
52523375
37748835
43788517
14592787
43146132
55928836
96623284
20184050
96457230
01391224
44199808
22179953
69352992
12475506
15914786
49275712
78243526
15860796
57789032
37071742
82927146
50455310
18093192
44187269
29114268
82668583
25653262
99411487
37393906
21280610
27160655
49362723
63293776
34938817
62133789
12520200
45593604
39293419
76460687
66813326
21902195
84882812
09661846
29721314
30039463
26496240
87224301
48063480
27474935
84743909
69159666
51247041
22944616
05322224
72855048
96154320
93030121
27942311
74031662
11201623
56440485
07093695
83385833
54398176
41994093
64404261
57528876
42034284
24970182
46843654
24157096
34918162
24398066
99749980
31963710
67859235
88646950
63992555
26464041
68246609
44544260
75001682
48459306
97999700
40791102
72664509
13457810
70405841
34886900
03592610
90348989
65576120
33527979
05292030
16540926
81718080
16425426
16454175
20743969
95822628
80287685
74888169
59765411
24507469
03504842
37191409
40196589
27261517
13193353
22883220
53534598
11804299
47545591
98744727
94699862
55925939
44478503
61492335
31080798
86132824
51562794
01536369
93496311
32136297
07445370
35866936
26535935
50514355
48896675
90880449
60908077
79106523
23435085
34208235
51202752
46482126
69760645
96828399
37258374
09169260
15571761
13140357
56534160
97858359
28486747
32772332
37769424
56346510
15086920
93515641
26443492
14245267
46188405
22956590
73573569
30161726
47382796
87725302
13450060
41705191
67197839
06501285
96993002
85755999
33412310
27013662
49680908
90731255
92746363
87930850
00241075
24342574
94888185
36791954
27374647
94276871
75148910
09286308
47679911
78243671
64533253
46003309
99835291
84742171
18634121
84761171
30481722
60582615
65060038
60169130
87206901
64371498
53338009
34707591
90818942
13790736
29420651
31294660
95998170
76476944
03762987
01438662
41174792
60900148
50936335
81828921
74145031
33080853
00849198
08075845
34500304
12425183
99901592
12986437
48068826
66624555
67011853
68951223
63229992
13497074
60687285
76889428
28991858
09322165
26490295
03298258
61664998
74129033
83277807
78869929
38146358
74496904
90519627
46310954
68937424
28943383
83014680
58240450
09745440
84279205
01381282
29358732
99271713
99092166
92229757
29144136
64122567
80982391
92237401
65526845
64007087
97678995
31125449
04993187
36517710
76759293
66491297
85255386
18340760
66924792
24955060
46810858
48124442
94901425
54296183
14578797
63530072
29371899
94922852
47047440
11286766
77853119
90842391
72907101
30971048
97034610
71467927
48887185
68125013
27535597
95484964
93576829
52616198
03144286
80503618
74583317
32063598
76570882
83323304
09506985
43966547
71113821
42563248
36256148
35133451
57882407
96803754
13221901
34154536
31185956
81860939
78220890
99757007
82712493
46144327
57952920
58412388
17361524
38445013
00916616
48048676
85663264
75461443
54812263
17154205
32195938
06811703
56458908
04349392
97677942
87195338
45233044
55412340
17788511
37002332
59977899
99971577
31057859
14350132
35359686
83617006
86374393
45548032
21887611
55058353
19156238
88376358
64371219
43883634
70184890
61453115
84320697
96802154
85076492
22488939
46632168
50533138
92521141
09950814
70718059
53665001
40259463
58797277
14355565
34808050
86748561
09480442
04173010
39740418
37718763
00737635
88762721
18911591
52857382
86156140
06830903
88289526
89876534
98448205
93185970
16285806
44371636
72292133
99218049
20596548
07964081
56225339
51738544
69842186
75343825
88038831
16443561
79811727
25116444
07320132
04852546
99014774
76083183
59799467
70655793
57359365
75744146
72954043
64650327
11135903
51816741
05695165
03257755
07351704
70070201
85431077
44375192
65416984
51854932
50970156
37482962
32020958
41147040
67903656
97229371
55081041
99449969
45947863
85463544
72898358
23468896
32782002
26734908
22261315
99804065
75937409
79621846
52898227
36165881
22191368
62834394
90399310
81151571
90074005
32070969
94352898
83560339
58363946
38940874
81588078
89812690
24689105
96042235
10584373
28706560
45520989
66285578
28050811
36021565
79886801
75978998
53714905
52195719
34185899
70992810
32257962
33909518
88016356
99963350
24277006
18961197
48179608
91492822
47383643
34970851
63383061
93268643
58284808
39445937
99126740
43890927
85589187
40165728
56128050
88186089
76978615
26740551
00068227
57536236
68069606
95998531
80565665
97859803
00561578
13208092
14317591
46644194
29264534
10490421
58915219
52600324
64586800
32142863
42187854
43436811
81207991
18084613
12522823
76741788
99956924
06795096
17729440
80235430
55311102
33893317
75597821
92515285
08192862
47179903
42446481
79272465
85808408
85240078
68264545
41025278
34348056
97706837
70470209
44672938
83011912
19456706
15864097
27712860
90726600
79719990
12935026
27855170
82062156
25574825
39591611
81700383
17648855
95430516
02352166
49955405
13173043
47007477
60806618
47310951
28257025
09973825
51754661
14384055
80678125
08977975
23703330
17776014
36955441
02688032
03463932
74185143
24798406
39717541
40534882
34219766
93796226
37760598
70713204
32669090
79757326
54449408
32500404
29043350
02170702
27551506
74715708
30150940
47876090
84595998
33046410
05500197
14242203
83162109
48802756
81881106
51288758
53089334
65183032
16712211
24403841
40946708
14397572
27973818
42305815
82443747
41143592
62192133
73795967
38197657
95321307
70858381
34271402
14798552
13440113
88872887
83643675
60956958
23108355
54641846
49308862
43469989
73015128
05075795
78267398
80746943
11970858
80773627
09728397
29587153
74482759
46123979
80780277
09680945
01150137
01256945
47853130
67564414
39673218
23359961
20635515
40919176
06869317
30423033
76726514
97434156
60119838
79986785
22935544
46847770
49332918
99517213
27860740
34728332
00025852
27035753
19012408
18696158
61989975
11930619
34298952
28469453
60622482
98020107
12098508
91618542
66743608
17814542
19230472
73060642
95152840
06002250
54305078
95006067
85248432
22382255
85111522
02554132
95729479
93475144
58168249
43103153
42495497
66968041
83163434
56362245
94865492
71460282
37707424
79030823
88727808
63682052
37598423
49727103
33692020
73211796
32245756
04121501
07377185
46867610
59548729
02842230
27452497
21130919
66016557
61688428
41557373
36727939
71337555
49069668
96359026
38349964
51220049
73764896
22489882
66604349
26396244
01491529
74635047
47181272
31222456
61760950
72406846
48619975
16738919
92460325
74602585
89878856
28223919
50910030
16831588
06286139
85696981
63119299
36692051
58543149
44546041
60556339
74696229
72447073
44592594
18840565
75739698
05608254
31223765
34790101
89313283
87615009
35459860
78995363
22235518
44396622
03778303
76965557
54115701
45121240
73709311
77498007
91542155
17820377
82231198
27294020
11125996
99090039
88774060
46751829
23663530
27331720
09917442
90898612
93765181
49652687
94578459
09115932
31030076
05343005
89157397
18211776
13167609
31111229
22442591
77785669
57875006
74877444
52163267
13455625
02654571
74929085
06709729
83901150
95212541
78157368
22079283
17852470
84349220
03189489
58682254
51898700
96663925
18614872
42217768
43626465
70774960
49132653
11494220
11766761
73270560
26362227
13910945
24018912
14851941
06003810
86375148
98069235
59246498
36743726
78389046
81320144
28024367
35102381
17640052
12790664
66913943
50979701
40858383
39897292
23503560
49763300
15521264
98200152
37504326
31273395
51458000
28749679
44513764
61008189
15249016
66802050
83331970
70877800
24603508
51299519
02486189
13369961
37139611
41619472
38547817
10094579
71535831
72671043
20333169
18760058
04311392
73973639
15444360
75166624
44466300
82216574
40598816
18712682
40209280
57107074
54274742
76216378
47529348
24237344
85383463
05368087
86936808
33213710
70242295
55767953
02137087
21856577
67830443
43911483
44822190
26654069
94787131
26720782
51511541
95316493
09572877
33703185
69012557
56632174
40814684
11649998
16905342
68020327
44412088
09056435
41818221
48380357
59975074
43645712
01521511
53110480
03992199
82094455
34542526
32020931
34172536
53932568
67691472
03808005
09225522
95048457
49356684
33074038
27858471
54841467
08437258
30437315
66542400
60131784
00544728
61676070
42115933
70616743
65384280
66210531
24277165
21886648
39357179
61947191
20406322
42449627
51452781
14478087
98432820
80115283
69098250
53201513
75944883
82682533
09984873
27235904
19450717
78460801
11810085
62889557
38859727
15348502
42384990
06933696
99552159
39945843
19015804
08005447
22357188
61959948
81693143
96884205
72962268
66981223
95726032
16980306
79878586
63638093
79123876
07012054
60802377
10611573
61485890
06868665
93545046
34627079
19209290
62957354
05605718
84257715
60204301
13060547
25681899
07220108
43061538
05814349
00482604
21133363
05317907
67809275
88428368
83687614
83832023
47734341
07587377
32470468
27035911
83318071
95279766
16112829
63825977
12140582
19102940
62502223
40791345
81819278
98176225
18048975
05363522
30145275
78690835
21530181
86428643
06635908
99452077
11596175
31687092
36080652
97152175
34717353
77549015
59099574
11429545
38790841
63801818
21179957
09932392
31345964
47274606
72121118
07400851
91172126
45357993
58554571
35343419
46768444
06848916
89246252
69548319
23844333
78357870
20727567
19515768
81107917
89583980
11686810
30054170
57148603
96134571
89732237
52863661
89676705
27600049
72573233
22351647
05288449
20811519
37899914
88328232
62606030
33344406
03220715
77572953
98506894
84819926
17443930
38413813
52410036
39925303
18068697
18849329
61025161
19272034
52695319
36361716
73140214
69577154
48022102
48685289
25276591
28411067
54768472
94393064
56010527
44603989
17523453
19113655
03162408
54650236
75005442
44643189
15331568
97353122
56893872
34474970
28236923
19111874
08617751
18414213
81456179
40842896
79166502
34071445
21691460
36036214
96938522
20056670
87478982
26492323
17743845
44047204
16688950
47728468
61180988
02764472
45739900
47535835
84968044
74715689
24420937
65420868
35585440
86799051
99451466
37193755
31852301
68306902
89331513
12343738
21376042
75254639
41868792
37680205
62748978
38143377
13642110
30721399
72766106
02672440
22281010
50247418
09949159
16349145
38485880
33976885
90087044
08075706
77843644
18297706
83687196
15347528
77164927
43020517
17451809
96775838
96967825
55963302
39195290
78168841
62921663
92406608
76311894
00025971
33765766
91367539
77606706
18135324
26088340
02346401
70879240
50128236
90489600
51932528
22421734
55672091
82668161
06953118
51269481
61206045
20333959
66990593
15793608
34719584
52293378
08560071
31712629
83791632
25848645
59563966
68824650
56860705
78896184
58408494
43730007
01726218
47947101
33985879
05948903
65068197
62799921
50891418
00368846
76504037
90053750
49557545
67397960
82744963
58326822
47961456
34826470
10377391
95307524
91522386
68373681
20002355
69607190
40030541
77447910
47547341
86014935
21003445
29038571
21393675
15146176
82331195
32545680
99257482
84504117
51423025
74776762
99830066
30996073
86187441
52241812
88720754
12911271
04012577
34749476
75737741
57369035
64719610
49878838
37378562
03667760
03985095
33248125
92234132
97596572
59341037
45569662
88233066
79765787
79474831
03528863
53855461
74882519
93194812
63735724
54629551
52557483
47801297
55889881
00423851
30478596
88402399
36500359
58977387
66355263
46498415
34476533
55669535
87697718
68487890
86206668
31200659
32292367
82288720
31509030
32497935
58761226
45571438
35065884
06840607
84791909
05774232
18492506
72158163
66903432
71797545
17300330
87920746
43984211
19119474
79387572
88056562
52445560
68558254
42144257
14953926
32084615
56613389
55588061
03322244
30400862
30005976
45918959
02971742
84312325
48501360
60235306
59490643
31320530
18542845
57946567
92397254
21113582
08915658
45752829
68381880
89308806
35310194
92250305
06152756
65697509
68357577
14261533
43419288
06797015
15643124
70263615
48870581
30198529
42869159
09085969
37025970
14608466
88543078
36116600
60673760
77828853
71665916
21356142
52223377
46455105
68543179
02113601
64673817
80919635
88086981
15496493
31444513
25299641
77874648
99696842
92224873
00895268
85435586
82529144
86812810
72424910
48569910
31777535
59727051
60687803
15855944
74967329
49648501
11272442
03922095
59799812
85105784
73708743
81668488
05852449
33086917
83885340
85484427
78864216
13990295
71291230
34087239
06416538
71437152
92556857
86177129
28316739
56216705
86478497
88344501
81163037
95035468
70537286
59315611
23566825
46404547
12551647
55771746
82124149
28011158
59130878
16220028
95657505
96667725
10974103
78582966
10633107
81779563
42680847
79245682
76891282
39147789
94868215
68918493
10911143
98361717
92107514
82391605
89512108
96148753
85336088
59183542
03282570
81198022
00034023
47092329
37840586
01011949
06811943
73528463
11877430
83405720
10574875
95479067
62990648
75969680
70634023
32346369
58909236
16303035
33870914
51846852
06303718
32125199
39810741
79680663
65801110
92124288
13243651
45555007
63093927
14910617
05779139
17961408
56796484
55192592
52917310
01618052
73490798
43568357
02555610
77204095
63805282
26629209
92203143
42548822
61729253
31192542
61660315
73030768
17551925
18766512
57445442
09388939
59101615
12132414
06147648
57381759
23077647
63818664
67655249
95549424
78968216
18603486
58408651
31571360
32585759
95016987
36275088
43165601
42435380
51946681
40675747
49821634
46318494
35782693
07318061
85457793
83832228
64254330
85081157
91564193
09688986
97150915
02396330
24849031
33383083
60980756
05959916
22813850
22727545
12342166
33452308
12473758
15310077
80135272
33511634
43010148
39869595
13870498
42818208
52541156
32855423
47154920
00170345
97377298
52116178
22776093
44807261
86397589
36321664
75257123
21888371
86018434
23009507
53374324
79731790
36141058
49940811
94667003
26157844
54385878
44763904
47806484
30633838
16227097
75056298
38608973
49000177
22489942
69419891
17564705
71946898
48758727
54660037
10391185
82960404
12754778
99489212
86600429
12871011
73066381
11205661
62180832
98069945
59303681
68806488
96438649
68452510
16373082
78993101
05275266
79620133
73686801
98184823
49290818
60201829
87812252
66167870
64991690
78974982
87799651
10453568
88198037
31359958
11905113
09840012
60479356
07235933
25061254
59047727
26465750
03121232
38776099
19554928
26943567
88636199
08637843
36189931
06423980
99658801
62445021
38321851
84713445
55697893
69819849
73980113
28414157
22253270
36437423
79564923
67124322
39233367
20938376
04873696
37542386
23248470
61982616
75415548
87388432
43896813
04118656
41091893
44159908
26766823
70215623
48298756
67636197
00687695
24782021
26746744
83357236
43139653
06447986
21134072
49192539
52930014
32971704
71161864
85579302
06680082
61991609
25456537
46287971
11977193
30008907
00688295
62937540
37421452
87900924
74476454
81136535
01821274
51296073
54419239
49774161
61896976
98685262
00327055
85169754
54014761
27777125
47798129
57102408
18105866
16370757
35322664
82400649
81668695
72973574
01737086
18563573
11493465
63286701
92713512
93271435
26097390
27008564
48878345
65151710
74080895
81747357
04702811
52904643
02342186
85103307
00223236
11128340
37391489
84985827
83722805
70623216
39826198
08792125
91026964
98896586
25457549
94132534
72805716
91649666
42772748
99806360
53788769
28588660
49590118
42501710
82365947
27104005
63401067
81848027
07443875
45316806
42124719
52425697
57523649
00513677
24148479
95051646
68312594
60513435
36181463
57125398
99611936
43916794
37923196
55557250
77839169
16411679
54183684
58725336
30864320
88627697
26360261
93669162
36115812
16333763
09163423
08657743
13492853
38968491
32391295
22618505
99493856
91301907
32543183
00033852
31729848
35062517
68339213
83739800
68997423
86738545
67457908
97296875
36896617
92140197
67506555
80232181
75027836
01976789
06205199
90358045
31107304
51636545
31244235
64252870
42837327
70928871
91031098
32742783
57804220
25652893
23566884
49219099
03739208
25226025
55358829
35581023
38210607
37430472
45905427
48347071
80946613
89993551
10007803
13196278
96446760
18304507
19473384
91758038
04600963
73252714
99702264
18711779
53936749
92475409
79403779
12885403
80034392
11543895
15474234
42668649
33702057
80276210
46226944
34759409
59550121
36072958
09447125
38969100
77176828
16740344
43956192
89885167
34280463
69989593
95133270
17037686
88581272
11398922
93816674
79204901
56568561
22577745
95684601
04114318
98040644
19244288
38146685
48348043
40616837
30099735
51103831
39413410
30985346
22630533
81251465
16220725
17655404
23767997
76012892
17277203
27428409
72989121
64283238
98263260
09010684
16804441
92554007
98808010
91902256
92212253
09543325
35699770
30812620
49632692
32841608
76338964
65539011
04853073
20266051
40641608
32573734
25484691
29216898
94109297
60542005
31025882
58672456
55521066
17236248
88383851
74071920
73416311
10164561
05058924
16094834
94572277
07115276
50650305
21350205
46409250
37707791
49077410
37656547
78815574
46630150
42718564
92593966
26491435
63403848
86393773
43670888
29865179
46825101
98600563
19705327
35715090
22585235
27249047
57487898
81752303
39103443
20839622
05316518
06494346
25276073
15968632
91191801
57610201
37605329
51336274
82541064
71940506
05998606
74761673
07154220
87062374
74744130
22634343
83521895
43495922
94763146
24763490
89569085
86928655
82553939
48856340
31678226
54262708
05914815
90304217
78668711
84823577
83454129
39124418
57136677
16493286
61773057
03807357
07773330
06799241
99570932
49952969
65117193
73401777
04563972
85286851
89028363
74048990
44233591
70480137
07033185
46319315
47407805
50072122
56734744
19012058
50665228
64842143
85937676
49558423
11727977
40498394
21234095
55825755
59180256
25431210
32232108
03242131
20655591
77577997
36640329
23708106
73820907
04408770
70169883
52702864
26514709
64731945
03386877
37064632
26117303
04176847
42831835
17173734
22527024
53212771
56493973
29946476
40163988
68758852
51671596
12864063
49825489
67313496
06285830
12656840
57202853
98587928
39722188
78011003
21912406
18277553
96093788
27547967
79565342
36894487
17595834
18934957
70840007
29126055
49930852
88811289
40466796
15782562
10014057
65867058
28932615
33382234
77438563
17690790
62036108
38505576
59701888
51011629
09499462
51179513
13621035
46428840
87709911
47673651
77798540
19620880
34665771
26717015
89720509
98316854
18686258
55000010
87207456
41006066
46661765
62341071
08058398
06598743
86100430
94239194
00672649
90481399
57812776
89383704
21858614
71385039
16304790
86391117
89105530
88008190
91458906
32854547
42332701
57020967
39681440
64580291
28048452
27169683
89692508
12188592
94833890
46926556
78182624
41257668
78404339
51008091
44768994
71507002
08562294
90115212
45230744
59626741
31716781
02845645
18097288
23123290
97653136
13919395
82048842
11908763
32095843
71915678
05792811
80479486
94539848
35652808
13848330
68336756
11784736
13539392
56005805
84498996
30320642
71465265
60073452
15234222
81986872
48930931
74349584
68582950
20351651
62652707
45635319
82832314
75044395
80230817
01747260
24993691
95844118
31464466
80176454
23355235
16279427
52862061
51421196
15825332
87020445
91014846
29590791
39013327
25895570
85849017
55903573
33629305
99203855
83835999
74249740
55251792
36954786
02692887
36216635
22408823
64635489
11039117
67524555
01089883
51858379
46455994
16783614
12594018
24419662
27759643
11580338
01732713
22929561
00549470
19625922
17211203
92987504
33416700
58627602
87630703
62391784
34088658
76186692
50790620
80561438
62135539
10990409
72008287
04296061
44394759
10568157
72254692
41285788
47256434
11799051
98066288
59046715
79610098
43103528
77125341
86460476
99074746
73479872
67059116
50964177
34157805
19114229
96537099
29339023
42649589
18030994
13187206
21183450
51158204
29744382
53791960
03115673
18375185
89926639
66785689
93924897
62927537
26295139
80940496
49229448
40494866
87459129
51074688
89610611
89605107
12909993
19596699
60706840
39139755
57642787
90296525
11384143
46604046
31099997
53683792
99066913
39701374
00838647
15565514
22449596
54159776
04788342
34532217
58233188
51445656
79348229
48392906
24037104
57380320
54407582
85566197
69649668
29572014
86485657
92821004
30579087
76520122
03180739
28897844
76527686
65124789
53202153
00273941
03180670
25082392
85349015
86669500
80178474
02704075
14111950
94872948
35091193
35999254
01116964
81393489
25646154
61455134
91234370
96840339
68534861
39682030
14804496
56012813
22454249
76489278
16805546
10509336
24913815
30375062
26756936
14039024
04623882
59149719
82246980
97191281
18370577
81390554
51084615
96685134
94676295
42637792
51779525
50020288
80138151
82769647
40910846
16994567
23545681
59286537
45426893
12227578
43418999
79915755
06787761
05498445
06644391
00237447
68611906
14116584
20643113
71061019
61707603
87190100
64204559
30995675
42665188
61039438
54946936
13438732
59104765
84432774
39558578
60490424
29712760
83098443
57549680
17360057
91119398
27536651
44719688
13056946
12083875
24535832
40776588
95079396
10044506
21605093
02219914
11016532
43892827
86664847
68847872
99677881
38134831
27192211
56170787
88671547
35470846
02717690
22997865
23516836
89509286
48118320
06716321
54084072
10140266
93016605
55347679
29901482
84783102
06998761
97378947
54657360
10035219
04673913
70419647
98062942
56797813
34852656
41269898
99624644
49467108
35042926
28337092
85132769
38855420
44023229
60422376
12196325
49669075
10325879
13233055
10425845
31499277
89735891
06469535
36617536
32954333
81854792
76629030
07362713
99642586
62299786
72412876
72298601
41462123
50751199
31548168
79995515
24725570
04849135
01505332
54162750
88419850
51350011
10202683
57518453
59052480
48795252
06159435
24642118
85234665
15863973
35044806
84363861
15765620
08282379
27597209
84071006
86042760
45532885
29286851
63673960
26086321
94521727
79831166
68669857
93175599
84760291
15951159
26759993
14238607
61856621
84325247
96541683
48855073
53599112
24562734
06735263
02534000
10498291
74261956
03039827
54294715
87241972
80240028
25042802
22315533
93669872
71900345
00464592
53626768
86140904
05239232
96804132
96705527
04694674
08646816
30961029
78373335
94508218
21840501
51343487
37026206
95603021
99421513
15840631
21566747
33577139
60207256
32981888
87501982
68920156
74768847
59355552
44529237
36550098
57732600
33651758
50351817
66977180
57898941
03698903
51685128
05789928
02667985
05975310
87810294
91686537
60735038
89192207
74955531
82287242
68014424
62967897
81200365
06380348
35912449
01999596
35763891
90586161
38327239
35967529
85843434
93482927
96640299
92491183
67340229
52799939
55698753
38190611
10872652
05024505
54072918
82742310
82929947
90068968
31379198
92977405
90400421
65419315
43300620
06264300
13813299
47996181
28673797
41421112
57968886
84998671
04978647
65068366
72244496
24325119
29723773
06884176
14570257
95785713
30917111
02588749
12455662
55778986
76040367
00569490
03678957
32102845
84630446
49836643
35648238
62367814
92567872
66809514
46375020
05271110
58360763
09265310
63156427
88435046
19618542
06715453
56902877
49446929
94229305
15077151
40211462
35194073
41603687
63731639
75693630
75918515
16550495
98495201
88936576
35787749
29777332
59879284
17850624
35010001
36674434
73761992
19853089
12516686
85141917
07561530
13625089
23974810
95695377
70197335
56984027
97804917
23037747
49939701
86321228
81813183
17965534
32817953
31563909
13703843
95979953
97418118
59181375
31170223
14687239
52242789
87902950
83626628
03899777
75018994
53426751
06857263
29093794
83515156
16342202
38685464
90009513
25263472
02360509
18407536
64426351
37859376
61098176
93113793
69842413
58194963
38135131
90131353
52077124
26686670
54290897
78242639
61520799
99025502
64063670
64164857
35090544
93929183
08253695
17395313
10396774
78188619
22478359
53636441
25807624
61200326
45217885
32694267
28342580
10795419
34480599
80960277
56521796
62551222
07586697
55252596
37032559
45189142
13224414
86370448
39574284
08296204
08303265
10611340
69566096
77572912
02321346
75997596
97998119
11546583
50999992
28904123
49178041
58197351
12704317
88244544
63096905
26735402
05567928
12434977
97171027
81267382
77886940
39253725
69101793
63084185
76460689
05322204
36607157
09004236
29808258
59358540
27466705
56726842
75800084
29921057
90087763
33850338
61074483
62750052
71171346
17084918
35000668
07444849
00436878
06927898
35516947
90782554
23661656
68280514
98202533
60103692
88285915
30550160
53777863
65587388
14077069
42546963
67729031
22331838
58657215
49869247
58858463
90366567
58623787
71196407
74783374
15161780
42884882
75167660
53093080
27444523
78739943
89461249
42507796
62914471
82179167
30708461
89713837
79161579
14520879
86675522
03322508
95803232
92774374
56782955
50943146
68640867
81338897
07849757
80463944
26171577
02992744
67544363
18193139
17105590
01375130
84406978
95041135
88231339
26065481
85315917
66506049
68077000
16773901
28779496
71398394
04214028
97107826
41308930
56296288
34479519
28965552
72890555
40738044
96343889
47648203
69845655
80694989
48634252
71064186
40072467
24482228
97941033
78712634
62169294
91912275
11974538
86302044
63647464
48684257
28241993
33632531
71393170
12305578
87431502
76102430
54927669
31655444
14354582
34610057
29848335
54163100
67618466
64685696
45946594
08618941
85713451
04907594
39848371
41620194
95568652
92185845
50235182
91996062
55542604
76818085
34625242
16027872
82583493
83814318
19717866
22712939
46071463
61674052
45301259
89578568
72825811
59915420
57905847
14307974
00424061
03418738
85319735
75506482
77697338
32890201
85031459
99984319
31024939
04642245
97771913
25141869
29312078
46682075
46228724
90786278
70182081
06409906
83900105
42517930
31022263
12612154
43718274
29125072
40841859
22001043
85149444
79237918
45049245
73104880
27913932
29334964
74425556
94791789
27610152
28233236
64697117
32370277
02957220
12535138
73254323
25761467
21534551
31948905
30006300
21563656
00151371
11050944
82552584
68375288
08226984
11583469
66401059
73895460
53649507
68023596
21452351
14723496
03927455
91271830
84104585
10778601
85752042
66756316
14365956
17349302
36840484
02346430
38436901
54246713
06703016
67571437
83325733
79176040
22228125
68129502
18531658
29730717
51815934
74610071
61853893
42626031
01372779
02833358
69701851
66453126
41310847
19297660
79983669
29920309
97536561
44691112
11298731
78637983
19430067
35643228
32036373
52393385
23911732
19844115
79215610
98506610
77489809
34092187
70325058
54066283
10751694
38796560
73085812
58482320
69508412
49655678
27094217
48352245
81468470
24579719
48940579
71496254
05011002
02856006
95453992
65403683
79075403
20405865
15113902
69072736
10149099
26826501
26737615
29712729
96813995
48727251
97815336
74232078
25005527
33898308
34266389
52231797
75205089
10748098
16470091
10419303
63132807
56075737
50165557
86473929
48375197
79690630
04020102
08824852
47552273
17890902
97754231
24461427
18453451
28695179
86977080
81791940
09688946
39484355
08278953
28526634
37744174
09086857
82355977
72353807
50551250
54070999
85937636
81981762
17509490
34175097
25695187
93921757
35596217
85971256
60166713
46970064
72121829
46095912
38920741
77638911
66913359
54229379
76996596
24703623
44752315
58169743
33662183
36806624
64057800
84436550
46639117
49615000
54516260
81729814
54725524
02859196
63938890
07646042
92639809
43927208
27823806
70887447
11750288
09728651
84980633
46061146
57997975
38851661
73818477
45976664
48860306
68826431
51315452
13023107
33057667
47431399
46991184
09129989
68187292
03496769
96366689
51864235
72930297
92299836
49117361
96758342
03035187
55740847
42155345
82688655
97160088
27347105
13987149
47085268
84845204
37900927
00104965
29637607
11769162
42028637
61424931
66243878
36530877
71400322
24547560
04212495
66058853
82644536
26971979
83564495
70633216
01361365
16405473
50677362
75272482
78249034
20749387
33251241
29265666
39906068
98302917
89025639
69532172
32143572
76972487
37567559
25760237
06568763
03269113
34687429
52360256
88760165
26971410
18894552
91230353
27369873
64619594
27897155
77880955
58143124
73970670
99284552
59028257
22611331
02575184
71766969
54334483
75583702
79111310
02050601
22336050
45658659
31389304
19737073
18933182
60334301
27896641
69525302
42516175
88511060
83353476
71023701
71992265
57707053
68358906
93921697
32771756
94703696
80611434
63846385
64652963
57016192
17710397
37480089
05244103
85356869
66584800
25349936
01235500
04303920
95403268
93324521
02346460
73694702
41396896
70934979
34165208
20990690
44651820
03868515
46201030
02949728
40278555
31734544
66364280
47210413
78676307
90342293
41142164
93422079
84543380
30181966
29354997
88275612
18590020
97970988
48499975
59477767
06324532
00308455
45167533
65418520
97735122
16984802
59277886
33006316
29143205
53417345
37227130
12951359
38336916
89596299
18817919
48752957
74023640
22930768
38656220
69017242
64713714
29149269
37442498
14536713
65205251
39901017
60886937
31918602
06199678
79846347
57475853
66873126
24194180
07642454
46939471
49908670
77808992
51928554
83948118
26903380
93821539
68474182
17229187
35387570
10961017
87709333
66373705
15940546
75718741
45422433
88988177
14290523
37890056
80321797
09673737
68026027
13908048
50016530
89248882
16047063
61630132
93196167
44391546
95763046
28794644
36371805
34622336
54973191
34891787
28348877
94649365
30185725
34438879
05727470
65052941
71009161
68416034
17207849
92659407
05423606
63333768
80488579
04050049
80857385
77708295
73988795
59745093
43090692
48431831
04597513
75640653
12551975
03100602
39822458
08147356
56029336
90334113
98575625
99154106
91223173
67723589
27152451
73180629
76742630
43986025
65445149
99814820
49205213
84701067
69171905
94975114
37482127
29798790
58730175
07043827
88890597
94656559
88931054
76746164
40350839
40994540
89462057
47873440
41341257
12400198
07943200
49834981
39670088
49705608
71064917
30527992
51969526
78486206
48332595
38542708
45795007
48364297
56568268
00517614
39787826
86027906
43430342
74022847
71725019
51174748
57477142
88876621
19228270
99334629
16368974
70687341
70985436
29287275
86823962
87936233
02515900
08641590
97440422
68440612
44717200
64005019
86948760
49910793
42989439
56189839
91917100
70943893
35122834
01672474
70156958
88040315
51744800
66172860
59074340
20108496
57444551
70399502
78589670
35639320
61032314
60942815
85171264
40349444
21005493
85410815
16558237
04939951
85274214
71711917
19331005
53997269
81138983
77246326
24298973
35142411
66485714
11713478
76968176
80175993
58835132
50810577
15939909
43503031
05096244
23268730
88102708
64025950
55658475
66545471
22086669
60331055
46220829
18480917
76278915
98041452
15511922
18673461
77579074
07852676
00219889
11612240
64598149
35374731
50925027
47317758
83933657
08206144
01366559
53176032
73203602
76247910
02033891
77899586
82298521
86896674
71723150
56174526
48617528
65862421
85147749
39531267
07968028
61965687
42704894
44869934
99851137
23673486
20491821
38667933
51075371
88625216
37639025
38543589
30249754
74691219
41116531
04218907
75052792
58209783
79532855
72569502
03023500
49249942
79616011
70807501
82932503
95029212
79836526
67920228
30406818
52559907
37022584
70457978
05125848
50328233
81762330
46178967
34719810
35045427
58667271
15590411
66967039
36218871
06434621
32314743
38276729
00748603
64773506
37149261
98467397
76122248
68284521
68783099
64129968
80071990
77574601
51646542
03050957
81282875
09333352
45616945
44770579
17166309
11371799
97303685
34878139
15611706
41006237
26316806
02153964
14337372
17327192
89354804
04223267
61842333
97624699
04916914
68798256
03825013
09725042
48910331
34358364
60986718
90220659
21847490
47700797
07833754
98917753
08415408
57464861
55276355
61216550
19233669
80330780
59614727
27016466
81080318
86906981
48945285
24835695
72385761
01881468
70569244
09353484
20948213
63875857
63395820
10299126
52557000
11585153
74732439
76152949
26512526
01523891
41679205
43732257
71831808
52676087
02535633
41646275
33024360
22353136
95100840
45574218
51779218
59365473
68091050
55036693
63606966
79319104
58099779
38939424
16394632
22995543
03632022
23774236
38562648
55901817
42699214
56240025
87919102
95768521
31680770
75965307
91144528
91273799
99103607
19538316
98765131
90927837
73068429
25759257
35563148
30538971
12964241
41217447
60166863
49795516
63309399
15540291
11153421
85107777
44093189
75429723
26134428
75483979
13624715
68571449
33026989
68323438
07813623
23586475
89211210
01335359
65368927
96062135
23515645
12219158
24667015
17710845
92520481
59663959
22521120
32248691
23942942
60187278
17558568
80245037
56373343
62590020
26547554
08431250
37430091
13480821
18917405
44303473
04913120
51357876
00557524
36752023
05311136
14120310
40077957
22306305
69443243
30378649
67976180
49645434
42817678
66620987
26951348
46387726
63204636
41775641
48824847
61112505
79242651
11222945
88172991
40759188
29520820
16780005
76525725
12606779
49747487
72048426
59771736
35653694
69513838
58616243
64310159
26329268
55635398
72302863
50062298
43402686
25515183
90706399
55414369
25503184
38049517
42436268
06276688
08329187
11839806
64271784
50047579
21471981
12482376
95652073
37636149
22557609
69507222
82355531
93533902
58356769
29994888
64082402
77465084
57398386
00052561
88350072
05014899
57370763
71790576
71960676
37986544
96093338
59507048
83519510
10892454
22956305
01102472
49617029
62330933
82757099
46283993
09153207
30100118
04115716
22551907
01456662
62921393
46721682
95514630
81306447
97381004
26392111
75972296
88411938
61080247
92417438
29422101
39480361
24537446
91707830
74785670
93912050
02741706
72950551
69439919
97717202
43100554
51674096
41104342
79283230
95325004
98579372
48678095
77320272
87204672
29235913
19461564
48646721
65245573
83480035
89362964
11642804
68059013
17712932
09989529
23224835
33445426
69923941
15732766
23984021
19090918
77519267
55600670
47340895
43435894
79201234
56202795
34280354
52249570
13787049
68037138
21235823
06240291
26667126
28994103
76072717
10127142
56649681
72301027
08212242
45300769
41424949
60040203
64452632
16768047
39518315
19737878
91413293
82830510
68703915
87962237
38774241
81394496
75616265
02455705
13152091
61050088
08947378
11895498
92249868
49327512
96286652
62899830
15661967
83195394
85240330
84059137
98009613
21881638
25539819
23072505
90162233
91385760
41853313
18657469
48568931
41217086
83799069
07415023
81988022
18055621
99078460
27043714
66949933
30618889
05299523
36141636
20340767
56405097
60059983
53428106
93592842
12336460
01159636
34582558
10483571
57780302
77108005
17034077
42512080
19575030
16704408
31772099
04508685
35210878
64657159
43105630
45140690
53686942
50366373
62023204
03947312
11200647
42639366
54043116
25609085
57772299
57166453
38766583
40824895
28890012
43556959
71881830
15211387
53175323
49418070
82015271
58570546
99305336
91551141
27950922
17319818
74109457
38464568
36213409
40228597
36066801
08846365
46573717
74016811
32995703
58317948
03561480
57281072
91295679
26765632
48974525
17644598
50766614
31509743
26212456
02882493
77016053
59438486
67284470
50425282
70844192
08152986
17579820
18152981
07860376
37279748
15806894
25592116
16563780
73499088
08674725
18424871
23751750
85321022
25882819
34367492
88034590
89743184
12949582
33001293
48111527
23185469
29645859
31064572
30680955
47236494
82608225
86135552
94261900
86605383
39407035
27914559
75554987
90181352
19872475
00029988
03246222
95383806
79591681
55150875
24957029
40810070
57084066
18905625
88377604
73371259
81030928
27094553
21103383
31465680
18258590
31116975
72966481
52982767
77346199
76869916
88444102
85349616
14814029
92854071
97257863
56348741
79561507
25898386
47093798
03695189
98196946
14371255
65462193
95881334
11017473
06193095
10172284
49625422
73216304
30871820
20822485
04716858
14009952
32106066
31113002
16662758
71496524
51606028
83642250
14173426
01887444
44050812
12139365
45847398
24060829
20068062
77173641
47475570
96554084
56147684
95463415
59485486
55259333
50009183
15618971
17755223
39564192
80521686
83336454
61806335
76287577
74223596
39208261
56436817
24017892
78603049
19953726
22144276
21475463
13671532
61268045
97739655
03258516
34626288
24754543
27711442
10056545
80556423
24929445
51888860
99488487
09882343
11772047
26759145
88243835
28212372
31604674
61014683
25940816
96334737
23311541
24472619
56288755
50969633
35424063
31531337
11856848
37585584
83722366
51101175
47484329
97921516
26714756
02781236
82550793
56677024
02119647
41079956
84963187
72430235
59605145
96686520
70242895
84812562
14902695
16309364
99177243
18709132
35510482
37758504
97267457
34523259
40246643
99423453
03110840
58071230
97671781
47121328
76635619
38852499
24322912
12453534
41223290
03667051
68100463
49027397
48881896
00003322
68504747
87623921
25819725
86790618
60221861
64968741
28936210
80317153
94082259
38344954
86931577
40682252
16366007
36878895
47313012
93006233
44091750
06869668
38981840
88577398
47657414
76097770
17245497
41495764
32863484
94181455
12092076
31687957
77317105
08839818
71943805
85724081
90729763
55741466
42506298
22334361
49778402
64527323
53551450
19207214
50983729
81864015
40626817
84841944
63053747
66282547
63490574
85065676
25787784
35570334
49573967
30359827
64674054
37348692
35784290
96522591
38333962
09293736
60602879
91183223
64563744
99036891
92845920
83920200
10974604
45255363
37113767
90453675
04154059
85560476
55915716
70472726
84823114
67679537
82140063
61594096
98669294
18171750
67307052
99309581
74302623
86777461
27115809
14626717
68420609
10083965
21154909
63945898
00633365
46791488
95141587
83064151
37550308
12518234
79777860
13402890
06960652
68044730
19660252
91958241
37471612
39998080
33300978
63122708
95694515
65869519
00695234
69612509
90116866
92346434
37154455
35128956
99858589
70268069
82577846
20369167
39107170
34104719
93463623
62833566
40874774
14674601
97511212
97230359
77567887
58575149
43549726
65478951
60885415
12328568
58947662
13748486
56528191
05702054
99524055
78167252
73294932
95335953
96089321
89026582
79593243
09906579
85832864
03232793
01133450
85125127
25870700
58396088
87724566
61601924
42693264
83016785
76945199
05932385
86821852
34981018
94314263
25828524
84231688
49720472
01631394
88978857
83255089
57013083
43605586
13891599
32789159
05588166
38725265
46385867
68204414
41915026
35810747
37041184
10449189
93722990
80459236
12577656
34102589
19819371
12261069
30482690
69773810
36674385
79846430
28675429
32051307
02927238
99091675
24556359
92764466
55457455
29317188
87912516
86402311
33673041
06513996
33474405
42764268
74384431
70296504
20711141
08369522
25199932
77957156
97461150
21997429
15696657
36505939
81204546
20265374
01606113
14649477
21758726
62773382
11617435
40787686
63603024
75121979
92439828
60609082
46668556
97237269
83569898
23933889
17332737
66480569
32718579
47360312
94424762
39680283
65575277
89597768
36432987
35455557
22758208
87035471
80267687
00374786
69956886
70692747
73316997
94258075
15889327
94866701
44400323
43513860
18046956
97548859
30117090
86131466
14235970
19156315
99166223
60520979
43067712
95480505
69147328
13498723
52139478
65148644
78768500
93445224
88131474
75739948
74638283
28370597
60792034
74953712
94457585
66682948
45691475
80508371
86814819
34181792
52447901
50004041
88437491
90384364
57850938
22149037
39906537
63062859
69417592
44534663
74039451
09753694
35949086
44866147
44337470
57236992
14934828
69755992
84597898
34120170
23182141
48890024
34129950
09126443
20111332
38890069
30023943
99830026
43711535
67354911
32796191
52844424
20490147
83182297
55849910
25985773
08048381
34781120
60289434
37732268
35084575
46842818
72398040
35816234
59107822
60183785
40902983
58914088
99115758
31203155
12692557
52746042
90529379
98892126
26186088
57801215
03926000
79578221
09074772
09809120
64216056
31041567
99954944
56547072
10819643
93090468
54746819
27515098
91522295
12143130
13838893
78343593
34036918
26980098
01041100
39809881
96850128
63239358
89952966
46622199
95781030
80671235
72181787
48292821
90230968
15624243
30437677
81427092
27116229
97186309
99300052
96817229
26007038
73658038
99607158
28160536
33622719
81848645
85928269
05986339
06572579
78445255
88883622
87974833
64464823
82068174
63069620
09732354
54977895
42316827
49298400
01171205
23732782
06889420
64066367
10688614
11437028
09496277
76164736
83973896
64780819
82635403
12121813
69666254
00372480
81105525
10735823
76524006
87811247
45616748
38585180
61287586
33916314
10677197
95202912
82345189
16176198
16076276
46573511
67596832
54391923
09223213
22018315
43549138
84078995
08038421
78316429
69804324
64919548
81198116
44286257
72269505
22730870
54003503
56227935
00434285
06923303
87582918
64148968
02928592
54495145
86224757
03538472
04429849
03645510
20739044
24016662
54646351
91374934
27825394
52362063
81280326
76289511
33071623
36114681
52858187
76880678
88106547
24051031
85051049
49986520
39620070
34783248
28586220
13076491
03311539
33808617
28043132
44069677
59899327
49036564
04141903
52354504
04773781
11966115
13580927
94740287
17731906
85206884
94878439
07946231
04593327
80646876
93814735
11462671
34758030
73605418
48997041
81986713
45015470
82172914
88037681
47238972
54182841
56665690
61632860
35896473
39550560
32775760
13582005
05480412
99947752
47210531
84205310
73798324
90142722
40779438
00582011
07230414
71664885
68871566
20949523
36814908
79102267
59205250
71268051
97021191
22366373
41661715
11076811
28578328
79954428
83677468
69954238
76965895
66485637
00823502
71719417
80991826
33539417
52027274
85951883
87286628
15024092
77878069
31290643
35417615
62451678
01877002
64423121
53205013
11426579
73721619
23941632
97157037
01741122
41240904
37652382
95064182
87813611
32912483
52076607
96435394
80633382
05468372
16890790
37078178
46608430
76575886
68626089
56582730
03548370
05754349
35261678
01467394
19932248
28812968
64114992
00522466
12690440
84440147
15185146
20565072
39129389
10166123
94873657
79986726
29120092
55669209
79887639
16483534
20291875
55659602
79815408
87787821
68242151
49733647
40587279
11575913
92771148
75503630
22473467
55458004
60387159
80876785
51400388
48033521
99880410
12231317
75979146
17011688
38679327
99308753
23887188
19290691
34652005
79886107
51635598
84099786
15429879
90474975
89931802
78297356
39509055
90760292
73695125
09514728
23881947
25384474
52194763
26448118
35764871
05016835
63250951
86709840
94156943
96363681
54570003
06085129
47568698
18045247
63663326
45086261
32678011
36752729
27319035
41210582
06115647
61081632
76237545
21588206
88569571
68653012
75026981
52487739
25747130
76267353
44294759
44626187
65250648
23410780
30642173
64716884
46697411
57804500
81877360
39435046
96766653
25245058
34480635
97412188
72177781
55235528
28288402
06346305
12418820
96470257
99872998
84726933
55409284
84572549
87860317
99461288
38648280
68238609
39941175
59061574
98726242
65159874
93734398
11124916
74560365
44832448
96029499
23359921
23450066
31187647
76315686
13556713
84206370
86513886
81329282
19124607
83615791
15809280
69743514
99071910
60287455
87584255
48174777
60607856
71632757
29448905
66222295
80710630
54648913
80288677
80706176
87910788
38734259
96316856
28104952
10907206
60600098
06638576
38237721
15488528
98144537
48745244
58692927
10053940
49675001
69255174
15090845
64321697
62093726
07769492
78028522
04091985
94897185
00073513
64307561
67872138
74796226
97899743
22525980
03464543
48488553
33524196
98491192
48355454
55573282
49068209
20405423
40264067
33770637
80810266
47484078
28991686
29677024
76798302
97900274
49934549
72975659
74283834
27790324
30803058
28392756
11103176
64343555
40506421
96337642
46957433
67460272
97523972
54889711
96535032
64858799
48483827
29258119
09344196
92916133
31075580
50352230
24095113
00645919
93917278
83770291
87486226
34552242
74780116
48131427
m80478854
m63380864
m76899494
m94623021
m17421721
m52452490
m41000102
m22882234
m48712479
m68854821
m99869743
m90128840
m00861212
m39298252
m37774532
m47169273
m50666465
m01271000
m33635985
m20794531
m18516325
m24402598
m24161116
m67312137
m30430227
m14672833
m39741441
m05743297
m54718385
m30308340
m25294186
m83475237
m19368905
m29391344
m20319545
m58217361
m61789312
m00138030
m72514854
m48869706
m30671822
m49530844
m28570319
m02720966
m62743740
m56104992
m98125444
m65708976
m95693292
m07641587
m47748276
m78393323
m78021792
m10559136
m15258108
m77314151
m38536356
m34737865
m39255447
m90360776
m22847599
m96785997
m46247238
m95939483
m70533427
m53121729
m05124067
m90832527
m38422464
m35755696
m34304067
m42776283
m44015737
m98155794
m70776546
m80352808
m46000630
m50951447
m80851728
m51178785
m62106599
m79941071
m84246028
m03833042
m50902529
m83636690
m28831642
m54246192
m68018046
m20713712
m51044715
m62707261
m13342264
m38902450
m90666842
m74224655
m63293409
m64992231
m03314049
m08396798
f19668482
f79971174
f15283747
f79771393
f65534778
f57041761
f74006644
f71289189
f92685409
f96977303
f13354735
f67889743
f54597347
f69897203
f11676128
f05679164
f64489557
f60589481
f83667953
f01288076
f69871426
f35129158
f24484899
f57826487
f56705097
f09783037
f10623130
f84653406
f87692913
f58449591
f59200624
f10232805
f02110063
f66181984
f16302025
f89244751
f35192268
f75245063
f18696507
f59648015
f35105486
f66952392
f45901072
f64915037
f90441686
f45323833
f20692366
f06733213
f72458818
f68340586
f58065823
f04009865
f45646151
f76440005
f26139337
f48440923
f11818987
f86165036
f03588424
f44422705
f86058096
f69829947
f63798952
f99857478
f08386732
f45412076
f74232006
f77341388
f61513570
f71834844
f98732111
f18529577
f60793514
f47742102
f69528331
f09061420
f40296945
f17134554
f32183738
f64477332
f89326212
f63003261
f90513258
f21838147
f82671802
f12204917
f89321063
f85461538
f99519602
f72948123
f68043278
f57318240
f15145519
f71246189
f15587369
f09783951
f74295350
f70178320
f46698760
f04925083
f57505101
f66874530
f03685978
f66940745
f46794578
f95577882
f88305702
f78325492
f79154781
f04718085
f88260963
f56380070
f14350062
f49827385
f16927706
f23901772
f71005211
f51638748
f30588908
f61301863
f05368263
f84006708
f96984643
f04858062
f61593434
f99356690
f14295892
f40214584
f47921253
f55678649
f90934112
f04727195
f13769647
f74153198
f92754885
f52924722
f83151475
f95893760
f02881188
f88341781
f14819106
f74963326
f60358546
f85817707
f74983914
f56107779
f99979327
f31177734
f70658947
f42034316
f15305861
f15007088
f17029563
f80586821
f72574412
f85195091
f85971800
f83537626
f23493836
f58426360
f48257720
f68072729
f30034063
f12375444
f14399558
f60965157
f54931970
f42698732
f61831698
f89885463
f93381947
f56548985
f72142918
f12720585
f79378723
f17676398
f44189962
f38248271
f36547088
f24029421
f59843642
f28818691
f31243033
f78457359
f63299428
f60882888
f85603691
f91060594
f61767087
f38803472
f70877355
f67460581
f73323520
f04159212
f02834761
f49117813
f77616037
f83496736
f10487605
f36598243
f91347559
f18048975
f70033206
f81235493
f19753631
f43660599
f77675632
f39465132
f07836341
f72298838
f01989863
f44181145
f64381667
f53439753
f35927452
f26411873
f52417570
f77690022
f11934311
f36476368
f38390734
f91384748
f58972172
f17688605
f24588122
f78281230
f63493985
f80618014
f90688014
f19070209
f73717951
f51399684
f22058899
f91026306
f66275231
f96278614
f31593636
f68151863
f33515225
f68331502
f41883150
f54718099
f71002361
f53327419
f19626877
f35573944
f10558764
f61754032
f56921127
f60049936
f59939998
f94733088
f64014186
f18230379
f50531068
f10522892
f96456652
f20176703
f85809140
f24594730
f61246576
f68199782
f07207942
f72712169
f27043871
f05475706
f42971335
f85029740
f12964943
f72321181
f62617977
f87084434
f21614010
f90903713
f59184390
f82486360
f22698757
f15044690
f13505775
f95804428
f69791491
f05880601
f14478466
f83758446
f43479627
f22473600
f08210162
f33664714
f51190002
f17550014
f89829307
f09336636
f73756822
f08460695
f18579983
f50875754
f36747264
f61231994
f73648108
f99326643
f09188672
f51515573
f37346554
f64324580
f33274051
f91420633
f89351146
f35298216
f65796540
f21721602
f75243106
f63401514
f49387163
f40121198
f11323607
f23125394
f42490561
f15568731
f76683590
f36732482
f28092980
f78325932
f60606647
f59305549
f39394237
f90653138
f89797572
f87498078
f04901880
f17612270
f60914508
f64672221
f12840454
f02622623
f10911589
f81129976
f48300643
f37659571
f87517952
f58293986
f20684036
f28279895
f98204113
f54391571
f78493870
f80864090
f91029707
f16076662
f09473561
f83359774
f66015065
f67619498
f66648850
f86331370
f77989979
f78177099
f44204804
f46757886
f59746081
f07649989
f42665242
f64575937
f65703822
f60508694
f38991591
f62087482
f00688136
f66648549
f60870499
f84831069
f42831099
f42713410
f87253663
f67251547
f99561694
f58106341
f40836246
f63605102
f91505835
f64442324
f53154481
f88116206
f45569032
f80347155
f05567021
f63170177
f69008143
f65649302
f91789754
f21021792
f37676654
f06939653
f10989341
f97573525
f50393449
f16792635
f88501402
f21211215
f70068645
f31386262
f24220213
f92216163
f86974988
f83385887
f53213012
f90304270
f18893645
f84478575
f10650712
f64057087
f46398524
f00579277
f35358029
f32039151
f23486095
f03053603
f72397468
f01945894
f53500058
f50335956
f80060525
f56236059
f30578259
f13099911
f28622405
f83312601
f91340810
f15041368
f24427073
f54993073
f58762940
f16914045
f91266929
f40726511
f19883151
f07840420
f75262937
f44110086
f23571829
f35246571
f80906282
f70543970
f70959439
f13893305
f83356060
f98368841
f91956929
f12450325
f85806567
f35933852
f42976982
f83180905
f53843692
f34384627
f73387439
f00167951
f24803833
f94783168
f88462868
f64004843
f87006210
f42408023
f94644466
f82015327
f44884738
f13029537
f48913263
f73568112
f30904957
f96512320
f03683794
f64368367
f50572117
f05848906
f40988101
f43847011
f61329004
f13462991
f19387705
f45715860
f53557021
f17408833
f37627304
f40299067
f32024935
f69108995
f21581719
f38333257
f23118138
f32537428
f59572534
f60904466
f14030969
f18159330
f83012229
f30590571
f40062804
f33671248
f01270176
f11402366
f61137585
f90685143
f67729607
f41265826
f47661325
f15688573
f53886824
f31737350
f88670125
f41879034
f37086711
f22070518
f86870155
f17672351
f51174215
f66428721
f63826569
f61468825
f94897095
f06044067
f17748782
f98512735
f94001007
f10866211
f56024946
f98640063
f13164145
f55826290
f56050156
f36008427
f79983672
f64158949
f40275447
f00084137
f62952666
f99118953
f06944167
f99227824
f10421991
f01732353
f84335275
f94498031
f97900669
f02090257
f52878443
f97320564
f25744981
f05373011
f31930594
f35032946
f17484782
f55548908
f72890843
f17356318
f96641154
f78022091
f96080544
f75175975
f14075659
f84757891
f61688873
f66663681
f13512118
f47034327
f08099853
f52712001
f92952913
f92362175
f36827168
f63634313
f83028902
f77158418
f44971333
f48016817
f52366580
f84784781
f32177025
f07250751
f44495918
f54310513
f31107769
f98515268
f62984595
f63806815
f50449625
f65474243
f60147317
f51460040
f70468866
f14846735
f33361331
f01897933
f01675382
f33285969
f64158840
f09128051
f91761241
f92043013
f11842266
f33863345
f71656782
f35749048
f87533361
f34536449
f09004456
f80990218
f75235050
f06610088
f99081341
f10539767
f34044483
f62817708
f84112482
f89711594
f57450708
f38204285
f49770101
f22460111
f36160685
f77450912
f76999183
f41551947
f74408628
f34327988
f84842286
f83510357
f24024565
f09739784
f44633335
f85408086
f88597664
f91436213
f04201673
f47257105
f17932196
f61244122
f24532375
f02289478
f37254742
f51445494
f60541043
f40802027
f01558463
f35794959
f52695227
f93755111
f10601568
f29557236
f97678637
f96999893
f78634019
f60086125
f54617448
f20554516
f94550203
f80280449
f89429671
f79697387
f20429386
f16331292
f77091913
f14645406
f65137728
f82170326
f72650547
f10631196
f63054490
f75625161
f78667242
f21985120
f95243849
f44439787
f92568086
f66776603
f57607090
f83633681
f16734870
f13170195
f60823468
f45639103
f24026815
f82070933
f23020663
f35720761
f50706825
f01528298
f17025801
f23123741
f20880960
f55135912
f74462053
f99921593
f99754253
f85565352
f11338950
f25284980
f26707617
f96848609
f23264268
f25434228
f17048538
f52696208
f89112684
f30415377
f76870732
f68454046
f77434440
f81232820
f89886655
f71144440
f01015356
f43988541
f14606297
f09580926
f27959319
f65853039
f39844691
f43592477
f33574548
f20103314
f38685050
f40086687
f11215979
f23298863
f96253577
f91181318
f17546814
f31638802
f98228480
f07074789
f78274919
f84481251
f96643433
f80429314
f88000815
f79602770
f58952519
f10615804
f49075354
f48868881
f94341946
f14657250
f60445883
f03565183
f17894287
f76351176
f63908046
f37275983
f18375097
f63254460
f92976560
f60918389
f50605385
f15933380
f71022481
f73612901
f24580956
f32231130
f60041112
f26348857
f00913833
f79666994
f00172153
f54264081
f16849109
f62000545
f65504175
f50579080
f48364622
f25535019
f11294863
f75001515
f32275817
f13562180
f73098708
f18019908
f78540864
f59541728
f34825581
f92711905
f27117420
f77497956
f35494027
f00955966
f07085213
f27448459
f27425292
f02670072
f54195431
f03181672
f02151383
f24065437
f06740345
f80880570
f07769788
f59109962
f28080042
f55482502
f43864734
f39381684
f18088487
f99161191
f92324728
f48863831
f95434507
f10357969
f65979771
f38489829
f93863430
f17016041
f70163355
f33991877
f94038672
f26442365
f44475599
f15537737
f26159184
f49589392
f76277451
f90627986
f60796407
f04970866
f66629136
f13297008
f33295136
f96170172
f91632641
f88283865
f37940730
f45475004
f45132823
f71780463
f70405167
f75252497
f61240073
f63396802
f39382010
f93576325
f33377205
f34697828
f74211976
f34843538
f65657190
f06792421
f23655668
f01969308
f91461424
f84852499
f77407842
f28186800
f25803109
f46060019
f15145583
f24471971
f16546561
f98827038
f38866310
f65319583
f37382806
f71476979
f22226308
f05533909
f37257025
f40459337
f06480723
f91095798
f78754460
f10471641
f65848567
f54337500
f01646109
f03576266
f44357165
f18514806
f17288442
f69213426
f87659809
f91282482
f35723863
f91936242
f45704344
f51284957
f79639728
f08728999
f53224811
f94876611
f92458313
f74368997
f61233380
f95516588
f50744625
f72129441
f27349044
f64030826
f66918479
f99742268
f20992992
f04063619
f49851345
f91001553
f21058006
f93751996
f32901484
f60574403
f00862136
f46110790
f47984163
f60656339
f85889634
f80456319
f03285836
f42318362
f18693696
f66858870
f59444487
f03196673
f30075935
f29518496
f62913682
f76604184
f65893714
f78059801
f00058686
f50375755
f79044987
f49070959
f70785029
f19005476
f18177870
f54614947
f77766031
f29799764
f03659350
f14327011
f07024969
f75365813
f87486330
f93397433
f34858678
f91216379
f80516876
f78133812
f05352685
f63881247
f78033269
f39807867
f57321561
f92350674
f49447092
f78570841
f16904019
f75295100
f64982558
f62694433
f23830200
f67177636
f60349435
f07879343
f64322609
f71218003
f31328932
f59697977
f07520027
f41261692
f19111722
f77065882
f47903403
f44647445
f86323162
f40865957
f09924455
f99853335
f62306080
f29869852
f98674066
f78031016
f60125357
f16109289
f97117384
f08735836
f93676621
f83655981
f15706468
f26330375
f72518862
f02214921
f60359622
f30362366
f28330189
f94428768
f71679825
f93945668
f66281542
f13535089
f72389722
f01130764
f30719451
f57627370
f34519069
f30773336
4